DATASET = VeRoLog solver challenge 2017
NAME = testInstance

DAYS = 50
CAPACITY = 6
MAX_TRIP_DISTANCE = 25000
DEPOT_COORDINATE = 0

VEHICLE_COST = 1
VEHICLE_DAY_COST = 10000
DISTANCE_COST = 10000000

TOOLS = 4
1	1	20	100
2	1	20	100
3	1	20	100
4	1	20	100

COORDINATES = 7
0	10	50
1	20	10
2	50	5
3	33	7
4	40	40
5	70	40
6	1	35

REQUESTS = 6
1	1	1	10	5	1	1
2	2	5	25	3	3	1
3	3	20	30	4	4	2
4	4	25	45	5	1	3
5	5	40	45	2	2	1
6	6	15	30	7	4	1

DISTANCE
0	41	60	48	31	60	17
41	0	30	13	36	58	31
60	30	0	17	36	40	57
48	13	17	0	33	49	42
31	36	36	33	0	30	39
60	58	40	49	30	0	69
17	31	57	42	39	69	0

